360762.6440871341	4066016.3890302	15
360762.6297527648	4066016.5088390354 	15
360762.6122214762	4066016.64153208   	15
360762.5906362316	4066016.799213928  	15
360762.5688570512	4066016.962812104  	15
360762.5466543877	4066017.132301833  	15
360762.5226366112	4066017.316039344  	15
360762.509761853	4066017.415715804  	15
360762.4957528669	4066017.5207915255 	15
360762.4812175519	4066017.632948812  	15
360762.465487004	4066017.7514494183 	15
360762.4490722704	4066017.877657801  	15
360762.4314976101	4066018.010501736  	15
360762.4131925241	4066018.1510275793 	15
360762.3937994736	4066018.2979178154 	15
360762.3736979419	4066018.4519610233 	15
360762.3526810746	4066018.6117117535 	15
360762.3310192071	4066018.777823464  	15
360762.3085213912	4066018.9488884704 	15
360762.2854877001	4066019.1255103135 	15
360762.2616991007	4066019.306433872  	15
360762.2374866671	4066019.4922888023 	15
360762.2126338921	4066019.681975856  	15
360762.1872735456	4066019.876143128  	15
360762.1614215707	4066020.0738929175 	15
360762.1350578136	4066020.275864411  	15
360762.1082296309	4066020.48121264   	15
360762.0808981913	4066020.6903679394 	15
360762.0532201137	4066020.902628064  	15
360762.0250649301	4066021.1184248407 	15
360761.9965472139	4066021.337288679  	15
360761.9675662439	4066021.55960148   	15
360761.9381929349	4066021.785027457  	15
360761.9083712745	4066022.013879338  	15
360761.8781727413	4066022.245855552  	15
360761.8475397024	4066022.4811699856 	15
360761.8165138365	4066022.719567178  	15
360761.7850796798	4066022.961035973  	15
360761.7532932424	4066023.2052636393 	15
360761.721320356	4066023.4511751193 	15
360761.689115434	4066023.6987863686 	15
360761.6569809837	4066023.948849197  	15
360761.6247493383	4066024.1910648574 	15
360761.5933136124	4066024.434313296  	15
360761.5613708028	4066024.6773798447 	15
360761.528920467	4066024.923991149  	15
360761.4980731205	4066025.1658458095 	15
360761.4665512744	4066025.4131873087 	15
360761.4340689789	4066025.6597116487 	15
360761.4015045342	4066025.907758393  	15
360761.3685772602	4066026.159792448  	15
360761.3362316012	4066026.4090790935 	15
360761.3033491917	4066026.6629300807 	15
360761.2706630488	4066026.9138231855 	15
360761.2373133364	4066027.168997497  	15
360761.2045843732	4066027.421013072  	15
360761.1714922668	4066027.676996951  	15
360761.1386156592	4066027.929326737  	15
360761.1052613279	4066028.185155156  	15
360761.0733474477	4066028.4375034794 	15
360761.0401946207	4066028.6888186214 	15
360761.0063822637	4066028.9418480974 	15
360760.9749705151	4066029.1893816344 	15
360760.9424979015	4066029.444005424  	15
360760.9097688624	4066029.690385368  	15
360760.8761297868	4066029.944674485  	15
360760.8444926273	4066030.1933752806 	15
360760.8119380455	4066030.444840349  	15
360760.7790721357	4066030.695949224  	15
360760.7467939104	4066030.944683257  	15
360760.7139895694	4066031.19863552   	15
360760.68052866	4066031.4497920847 	15
360760.6484568031	4066031.7008804	15
360760.6163681805	4066031.954691696  	15
360760.5833807397	4066032.2030265494 	15
360760.5495383468	4066032.4589008177 	15
360760.5180418004	4066032.706853935  	15
360760.48543376	4066032.9625407727 	15
360760.4523632556	4066033.212340988  	15
360760.4194604807	4066033.4649372273 	15
360760.3869777871	4066033.7170627	15
360760.3546332453	4066033.966413764  	15
360760.3214506524	4066034.2205888494 	15
360760.2896458198	4066034.472125256  	15
360760.2565503636	4066034.723207332  	15
360760.2227769642	4066034.9767493657 	15
360760.1912859437	4066035.225040761  	15
360760.1587544198	4066035.4807338873 	15
360760.125937903	4066035.728305324  	15
360760.0922109092	4066035.9837593217 	15
360760.060470441	4066036.233617648  	15
360760.0278560732	4066036.4860988334 	15
360759.9949280277	4066036.738079364  	15
360759.962600338	4066036.9875251343 	15
360759.9298041617	4066037.24197524   	15
360759.8963801051	4066037.493515108  	15
360759.8642971155	4066037.744854409  	15
360759.8322867623	4066037.998778341  	15
360759.7993311626	4066038.2471885616 	15
360759.765580517	4066038.503064968  	15
360759.7341300275	4066038.751028575  	15
360759.7015982879	4066039.006706395  	15
360759.6685435948	4066039.2565366	15
360759.6357030805	4066039.509200111  	15
360759.6032982297	4066039.7614116	15
360759.5709563432	4066040.010922164  	15
360759.5378531966	4066040.265282115  	15
360759.5060823709	4066040.517026948  	15
360759.4730062038	4066040.768351912  	15
360759.4392825107	4066041.0221287273 	15
360759.4078109014	4066041.270670617  	15
360759.3753290855	4066041.5265985266 	15
360759.3467567188	4066041.7749372898 	15
360759.3175808829	4066042.0312486705 	15
360759.2872548808	4066042.2816580087 	15
360759.255318934	4066042.5345196505 	15
360759.2232361931	4066042.7868094738 	15
360759.1918453109	4066043.036555448  	15
360759.1602447794	4066043.291252104  	15
360759.1280158014	4066043.543004308  	15
360759.0972037688	4066043.7945242873 	15
360759.0665407887	4066044.0486314567 	15
360759.0348257779	4066044.2972342647 	15
360759.0066774875	4066044.5537912287 	15
360758.9816687186	4066044.8023837064 	15
360758.9519061135	4066045.0583090778 	15
360758.9207802693	4066045.308381503  	15
360758.8955160364	4066045.5619253977 	15
360758.8720640264	4066045.8151203585 	15
360758.8443439525	4066046.065137317  	15
360758.8150528745	4066046.319997827  	15
360758.791409922	4066046.5727243456 	15
360758.7670449018	4066046.825200224  	15
360758.738942607	4066047.079889255  	15
360758.7123864575	4066047.329145705  	15
360758.6852484677	4066047.585826832  	15
360758.657779424	4066047.8343718224 	15
360758.6299188643	4066048.0907718926 	15
360758.6040121657	4066048.341447547  	15
360758.5773997608	4066048.5947547224 	15
360758.5505799053	4066048.847517684  	15
360758.5242688888	4066049.0977549874 	15
360758.4976721077	4066049.352959418  	15
360758.4704170115	4066049.605261715  	15
360758.4501323628	4066049.857830792  	15
360758.4304715222	4066050.1130591775 	15
360758.4056287579	4066050.3624625704 	15
360758.379225236	4066050.619215313  	15
360758.3590526393	4066050.8683449193 	15
360758.3387763512	4066051.1251804177 	15
360758.3148413158	4066051.375915148  	15
360758.2905553617	4066051.6294923816 	15
360758.2668733835	4066051.882633868  	15
360758.2433006795	4066052.133104096  	15
360758.2194117238	4066052.388545756  	15
360758.1968393197	4066052.641342133  	15
360758.1730083792	4066052.893778719  	15
360758.1486067742	4066053.1486963294 	15
360758.1263943638	4066053.398269762  	15
360758.1034321211	4066053.655270604  	15
360758.0799099205	4066053.904150445  	15
360758.055874395	4066054.16091016   	15
360758.0336706133	4066054.4119512546 	15
360758.0106387636	4066054.665614455  	15
360757.9873844283	4066054.9187488966 	15
360757.9646076525	4066055.1693125544 	15
360757.9415606821	4066055.424862103  	15
360757.917763776	4066055.677511007  	15
360757.8898285645	4066055.9293222446 	15
360757.8615670559	4066056.183610525  	15
360757.8362161358	4066056.4327634377 	15
360757.8113416324	4066056.6895975815 	15
360757.7843450499	4066056.938069977  	15
360757.7479580516	4066057.193395548  	15
360757.7151019943	4066057.443218207  	15
360757.6876476257	4066057.696413344  	15
360757.6614423882	4066057.949390397  	15
360757.6351318663	4066058.199654051  	15
360757.6074017675	4066058.454678936  	15
360757.5807582614	4066058.7070090417 	15
360757.5525342639	4066058.958908552  	15
360757.5234953639	4066059.213300664  	15
360757.4966312567	4066059.462402076  	15
360757.4687872328	4066059.7188737886 	15
360757.4404290735	4066059.9672237663 	15
360757.4112361273	4066060.2234132146 	15
360757.3838606355	4066060.4739451194 	15
360757.355534646	4066060.7270859135 	15
360757.3269094504	4066060.9796763808 	15
360757.2987774477	4066061.2297186265 	15
360757.2702375605	4066061.484733791  	15
360757.2409779024	4066061.73682501   	15
360757.2131199773	4066061.988688056  	15
360757.1853651009	4066062.243127621  	15
360757.1565430421	4066062.4920706926 	15
360757.1270635303	4066062.748485288  	15
360757.0997462764	4066062.9969627354 	15
360757.071455044	4066063.253175443  	15
360757.0426257254	4066063.5035484023 	15
360757.0139802772	4066063.7567703617 	15
360756.9857855813	4066064.009528655  	15
360756.9575926346	4066064.259579416  	15
360756.9287151684	4066064.514501119  	15
360756.9011544924	4066064.7667927514 	15
360756.8722887327	4066065.0186797217 	15
360756.8427604167	4066065.273033996  	15
360756.8154682285	4066065.5221117856 	15
360756.7872423214	4066065.778581938  	15
360756.758594034	4066066.026936468  	15
360756.7291876932	4066066.283152032  	15
360756.701644621	4066066.533709312  	15
360756.6732736134	4066066.786896296  	15
360756.6446338118	4066067.0395248546 	15
360756.6165027212	4066067.2896201545 	15
360756.5879941679	4066067.5446802657 	15
360756.5588116667	4066067.7968156887 	15
360756.5309851982	4066068.0487312865 	15
360756.5032769286	4066068.3032155526 	15
360756.4745168785	4066068.5522106774 	15
360756.4450684538	4066068.808655014  	15
360756.4178279744	4066069.057153857  	15
360756.3896137816	4066069.3134031617 	15
360756.3607848758	4066069.5637987615 	15
360756.3321855466	4066069.8170350096 	15
360756.3040369623	4066070.069807592  	15
360756.2759054005	4066070.319872392  	15
360756.2470894464	4066070.5748157375 	15
360756.2195899074	4066070.8271061983 	15
360756.1907551054	4066071.079015308  	15
360756.1613032085	4066071.333368168  	15
360756.134041612	4066071.582445289  	15
360756.1058770905	4066071.8389294734 	15
360756.0773054549	4066072.087297801  	15
360756.0479298364	4066072.3435202935 	15
360756.0204482747	4066072.5940992143 	15
360755.9921231314	4066072.8472852814 	15
360755.9635144158	4066073.0999435806 	15
360755.9354291912	4066073.350037962  	15
360755.9069668783	4066073.6051199646 	15
360755.8778306132	4066073.8572772793 	15
360755.8500651536	4066074.1091841063 	15
360755.8224337967	4066074.363697368  	7
360755.7937348841	4066074.612691327  	7
360755.7643478481	4066074.8691497026 	7
360755.737138208	4066075.117663081  	7
360755.7089392066	4066075.3739043567 	7
360755.6802023592	4066075.624321104  	7
360755.6516492656	4066075.8775792415 	7
360755.6235619427	4066076.1303582583 	7
360755.5954763729	4066076.3804297457 	7
360755.5666912553	4066076.635387628  	7
360755.5392228083	4066076.887707832  	7
360755.5049539577	4066077.1389447106 	7
360755.4593824752	4066077.391240217  	7
360755.4075806557	4066077.637119392  	7
360755.3460965856	4066077.888814555  	7
360755.2747442269	4066078.129270008  	7
360755.187741823	4066078.373052804  	7
360755.0972135983	4066078.60951584   	7
360754.9887630645	4066078.8420421095 	7
360754.8673252618	4066079.0697374977 	7
360754.7343932129	4066079.291414084  	7
360754.5959295982	4066079.5101842303 	7
360754.4753181618	4066079.732337088  	7
360754.3744965246	4066079.9577194233 	7
360754.2719471073	4066080.1886361297 	7
360754.161937825	4066080.40892798   	7
360754.0375210026	4066080.617848683  	7
360753.8998009219	4066080.8090982735 	7
360753.757214392	4066080.982934869  	7
360753.6150384896	4066081.141645408  	7
360753.4736723452	4066081.28628814   	7
360753.3332368137	4066081.4186559473 	7
360753.1883958756	4066081.538470663  	7
360753.0394368263	4066081.6511806087 	7
360752.886092367	4066081.7638250664 	7
360752.725568332	4066081.877430607  	7
360752.5547592301	4066081.991728372  	7
360752.373041253	4066082.1040590536 	7
360752.1854198438	4066082.220668778  	7
360752.002350457	4066082.3532059775 	7
360751.8249583752	4066082.5022911695 	7
360751.640721138	4066082.6466052006 	7
360751.4429929835	4066082.773920458  	7
360751.2369840292	4066082.887102972  	7
360751.0250304943	4066082.9879627945 	7
360750.8066046756	4066083.0712988814 	7
360750.5875665837	4066083.1395483976 	7
360750.374894783	4066083.1916014175 	7
360750.1709269217	4066083.222788244  	7
360749.9794670848	4066083.2378154737 	7
360749.8018677522	4066083.2456277474 	7
360749.6364597175	4066083.249727872  	7
360749.4783719229	4066083.253062364  	7
360749.321939656	4066083.2558071073 	7
360749.160779921	4066083.2581192697 	7
360748.9904428352	4066083.2578505534 	7
360748.8084398172	4066083.2532162033 	7
360748.6147872698	4066083.241470431  	7
360748.4106667117	4066083.221057724  	7
360748.1987062045	4066083.190132837  	7
360747.9814633341	4066083.148152179  	7
360747.7609222091	4066083.1043847376 	7
360747.5364065024	4066083.076402208  	7
360747.3090068364	4066083.0655101454 	7
360747.0820205838	4066083.0481088194 	7
360746.8585034072	4066083.01014708   	7
360746.6369839084	4066082.970091784  	7
360746.4147393862	4066082.9483695	7
360746.1930498646	4066082.929771576  	7
360745.9719990176	4066082.909117428  	7
360745.7507955362	4066082.886594864  	7
360745.5285581991	4066082.8624996264 	7
360745.3044551958	4066082.8373472146 	15
360745.0776321358	4066082.8112047734 	15
360744.8474974759	4066082.784332911  	15
360744.6135163121	4066082.7567175217 	15
360744.375477553	4066082.72852936   	15
360744.1334268907	4066082.6997600743 	15
360743.8890449369	4066082.6647924	15
360743.6475983505	4066082.6280885534 	15
360743.4056056443	4066082.5972496993 	15
360743.162672485	4066082.5668216418 	15
360742.9188829847	4066082.538217601  	15
360742.6688715036	4066082.5074637015 	15
360742.4202295407	4066082.477318751  	15
360742.1672767134	4066082.446057572  	15
360741.9178334004	4066082.415484577  	15
360741.6625722022	4066082.384124104  	15
360741.4120829799	4066082.352176376  	15
360741.1563254283	4066082.3194170184 	15
360740.9064213347	4066082.2886918406 	15
360740.6511044618	4066082.2529744552 	15
360740.4020150696	4066082.2159920647 	15
360740.1461137813	4066082.181911749  	15
360739.8958192056	4066082.150660587  	15
360739.6392151732	4066082.1184550314 	15
360739.3887241213	4066082.0854578577 	15
360739.1319383885	4066082.0514756334 	15
360738.8835320123	4066082.019851517  	15
360738.6277279983	4066081.9870549585 	15
360738.3781043704	4066081.953853557  	15
360738.1256410531	4066081.920759247  	15
360737.8735975204	4066081.888114428  	15
360737.6242281474	4066081.855517333  	15
360737.3697580697	4066081.8220830634 	15
360737.1178301041	4066081.789968753  	15
360736.8661094322	4066081.756512544  	15
360736.61177994	4066081.7223306806 	15
360736.3626355087	4066081.69041444   	15
360736.1059274297	4066081.657450147  	15
360735.8573418044	4066081.624201496  	15
360735.6008279785	4066081.590032417  	15
360735.3493943549	4066081.562009376  	15
360735.0954513494	4066081.5337382	15
360734.8424705535	4066081.5017019454 	15
360734.5921907501	4066081.469484817  	15
360734.3368189103	4066081.436962744  	15
360734.0844186294	4066081.403989207  	15
360733.8322269972	4066081.372571368  	15
360733.5774111046	4066081.3413559822 	15
360733.3281559036	4066081.309205864  	15
360733.0713874488	4066081.276288277  	15
360732.8225697353	4066081.2456749287 	15
360732.5660044773	4066081.2139785	15
360732.3152826199	4066081.1818218767 	15
360732.0616915254	4066081.149833664  	15
360731.8084905334	4066081.118348663  	15
360731.5580247863	4066081.0869103926 	15
360731.3026283201	4066081.05475386   	15
360731.0498659659	4066081.023938613  	15
360730.7974641299	4066080.991809384  	15
360730.5425919086	4066080.9590130975 	15
360730.2929966412	4066080.928496141  	15
360730.0359452466	4066080.8969674176 	15
360729.787061753	4066080.865130768  	15
360729.5302352769	4066080.8324043606 	15
360729.2790777525	4066080.8016390847 	15
360729.0252783836	4066080.769996586  	15
360728.772054915	4066080.7380709294 	15
360728.5214069857	4066080.7067041593 	15
360728.2657107415	4066080.674902444  	15
360728.0129675568	4066080.642451824  	15
360727.7604759971	4066080.611381284  	15
360727.5059743816	4066080.576016057  	15
360727.2588676598	4066080.5285216207 	15
360727.0063804763	4066080.4695775374 	15
360726.7626333385	4066080.40793575   	15
360726.5112444965	4066080.3442052626 	15
360726.2626677703	4066080.296499021  	15
360726.0102931478	4066080.2547867857 	15
360725.7580944807	4066080.212622977  	15
360725.5096800073	4066080.1654997296 	15
360725.2598229266	4066080.1029611807 	15
360725.0147831524	4066080.034176273  	15
360724.773421032	4066079.954828545  	15
360724.5329913312	4066079.86331994   	15
360724.3019595963	4066079.7616725094 	15
360724.0695262094	4066079.6424339935 	15
360723.8477990426	4066079.517408408  	15
360723.6289672352	4066079.372242421  	15
360723.4233943254	4066079.2251341073 	15
360723.2217672567	4066079.059541456  	15
360723.0227912205	4066078.897267184  	15
360722.8181700864	4066078.754197012  	15
360722.6051699289	4066078.62567538   	15
360722.3836067986	4066078.4966543494 	15
360722.1731078417	4066078.365065072  	15
360721.9667718502	4066078.2133147446 	15
360721.7713572969	4066078.05773601   	15
360721.5823081062	4066077.883093549  	15
360721.402445281	4066077.7068945062 	15
360721.2196444485	4066077.530393463  	15
360721.0258015731	4066077.366263569  	15
360720.8293045814	4066077.208945641  	15
360720.6389616951	4066077.036476556  	15
360720.45206851	4066076.8638372137 	15
360720.2596876349	4066076.697554027  	15
360720.0678132689	4066076.527665272  	15
360719.8866379448	4066076.354362415  	15
360719.7065522081	4066076.1691699047 	15
360719.5306329066	4066075.991233468  	15
360719.3424526233	4066075.814607079  	15
360719.1579675648	4066075.642567372  	15
360718.9718691954	4066075.4680822	15
360718.786904241	4066075.2928408594 	15
360718.6046470359	4066075.118772273  	15
360718.4196787244	4066074.9405116714 	15
360718.2362788838	4066074.7647580975 	15
360718.0581910812	4066074.5840582126 	15
360717.8832179084	4066074.396683372  	15
360717.715766325	4066074.209649957  	15
360717.5531221018	4066074.008255453  	15
360717.4055750585	4066073.802416943  	15
360717.2580711903	4066073.5889115566 	15
360717.0985846977	4066073.3966224287 	15
360716.9296687499	4066073.20222048   	15
360716.7648449705	4066073.012391132  	15
360716.5966893638	4066072.821528484  	15
360716.4295880831	4066072.629743631  	15
360716.2647103025	4066072.439413207  	15
360716.0979365814	4066072.244291885  	15
360715.9323973217	4066072.051804708  	15
360715.7684746205	4066071.858211256  	15
360715.6033801484	4066071.6620814903 	15
360715.437285773	4066071.473968812  	15
360715.260879678	4066071.28491369   	15
360715.0868113702	4066071.1043308526 	15
360714.9083391849	4066070.9169217073 	15
360714.7405014066	4066070.7277574614 	15
360714.5735139691	4066070.534525724  	15
360714.4067029436	4066070.3418082776 	15
360714.2378714846	4066070.154477883  	15
360714.0555237698	4066069.9729879512 	15
360713.8766635734	4066069.792711308  	15
360713.7049203361	4066069.6066908166 	15
360713.5329332714	4066069.416955288  	15
360713.3655932334	4066069.230216632  	15
360713.1889686096	4066069.041819116  	15
360713.0090238626	4066068.8681159257 	15
360712.8118472769	4066068.700982981  	15
360712.6116027741	4066068.545269975  	15
360712.4008596475	4066068.397774385  	15
360712.1913807378	4066068.2481743526 	15
360711.996470886	4066068.08702792   	15
360711.7995564534	4066067.920985883  	15
360711.6007449651	4066067.7613404016 	15
360711.4061056989	4066067.6046158695 	15
360711.2098935711	4066067.4376117294 	15
360711.0200842269	4066067.275416357  	15
360710.8191995764	4066067.114169501  	15
360710.6165207343	4066066.963759041  	15
360710.4044943152	4066066.8209540406 	15
360710.1882405936	4066066.684979036  	15
360709.9625379146	4066066.560702815  	15
360709.7369117193	4066066.439246932  	15
360709.5244469104	4066066.303293884  	15
360709.3179226274	4066066.157836292  	15
360709.1070727998	4066066.0141147207 	15
360708.8877865877	4066065.885170815  	15
360708.6608824225	4066065.764039975  	15
360708.4354256728	4066065.6511145327 	15
360708.1963145041	4066065.548678681  	15
360707.9572856858	4066065.462554928  	15
360707.7098928365	4066065.380643859  	15
360707.4800463068	4066065.2814567136 	15
360707.2518841936	4066065.1712600417 	15
360707.0201126538	4066065.070187713  	15
360706.7857501165	4066064.9694846175 	15
360706.5544007538	4066064.862442845  	15
360706.3240465242	4066064.759286402  	15
360706.0851165137	4066064.6642248146 	15
360705.8470089484	4066064.5755763454 	15
360705.6038889567	4066064.5027677673 	15
360705.3549220881	4066064.438648452  	15
360705.1090832333	4066064.382745195  	15
360704.8545353502	4066064.3295696	15
360704.6140603351	4066064.259706868  	15
360704.3674118055	4066064.183168336  	15
360704.124318413	4066064.111994512  	15
360703.8756644052	4066064.051140429  	15
360703.6249337207	4066064.004412864  	15
360703.3704297482	4066063.968941816  	15
360703.115710478	4066063.941824938  	15
360702.8623985584	4066063.927956452  	15
360702.6030572332	4066063.922825836  	15
360702.3495619919	4066063.8958259374 	15
360702.1031132425	4066063.858755896  	15
360701.8467250139	4066063.832343109  	15
360701.5970887077	4066063.814353549  	15
360701.3384503704	4066063.8101773993 	15
360701.086160477	4066063.8187280535 	15
360700.8274147111	4066063.8323425455 	15
360700.574785133	4066063.825665265  	15
360700.3246431842	4066063.8085205606 	15
360700.0688673906	4066063.7981375046 	15
360699.8158843635	4066063.7960215984 	15
360699.5581615573	4066063.804911766  	15
360699.3035755219	4066063.826307256  	15
360699.0499329327	4066063.858730336  	15
360698.7948405809	4066063.8996874047 	15
360698.5446124534	4066063.957913019  	15
360698.2932768721	4066064.0194269735 	15
360698.047959156	4066064.060240069  	15
360697.793396349	4066064.096191834  	15
360697.5455671427	4066064.1366275568 	15
360697.2930604575	4066064.1918938216 	15
360697.0473569995	4066064.252167671  	15
360696.8043576045	4066064.3133861767 	15
360696.5526525941	4066064.361596867  	15
360696.3029954161	4066064.4079793463 	15
360696.0560177915	4066064.4650569223 	15
360695.8080931276	4066064.5315196984 	15
360695.5670460355	4066064.6038026274 	15
360695.3215815926	4066064.688128304  	15
360695.0866883243	4066064.7836974086 	15
360694.8507655561	4066064.8948438	15
360694.6206762779	4066064.996479779  	15
360694.3767315942	4066065.08219532   	15
360694.1366852616	4066065.1615197286 	15
360693.8972058866	4066065.2493909136 	15
360693.6614765808	4066065.346152497  	15
360693.433262593	4066065.454123621  	15
360693.2069856842	4066065.5778518706 	15
360692.9808180287	4066065.693280929  	15
360692.7489101691	4066065.7939350614 	15
360692.5134758267	4066065.895673364  	15
360692.2854318408	4066066.0009494578 	15
360692.0554552993	4066066.1188818864 	15
360691.8373426718	4066066.2411386417 	15
360691.6181458543	4066066.377490536  	15
360691.4084804366	4066066.5193987857 	15
360691.1982070665	4066066.665248896  	15
360690.9791555995	4066066.797392681  	15
360690.7562700232	4066066.9173619454 	15
360690.5296511247	4066067.0407231566 	15
360690.3088821352	4066067.168712002  	15
360690.0964569599	4066067.300626188  	15
360689.877191061	4066067.436484888  	15
360689.6627196649	4066067.564698192  	15
360689.4411636855	4066067.696890404  	15
360689.2237653199	4066067.825478425  	15
360689.0076471806	4066067.9613847374 	15
360688.7932365174	4066068.098951629  	15
360688.578773915	4066068.231454215  	15
360688.3596401036	4066068.3660407024 	15
360688.1434938773	4066068.50022108   	15
360687.9271827989	4066068.6336588226 	15
360687.708785796	4066068.7684614793 	15
360687.4961104448	4066068.901893243  	15
360687.2770860534	4066069.039444047  	15
360687.0642684682	4066069.171646073  	15
360686.8448312825	4066069.308237732  	15
360686.6311050878	4066069.4428046127 	15
360686.414828858	4066069.578378911  	15
360686.198758143	4066069.713440309  	15
360685.9850822848	4066069.8473447193 	15
360685.7672672333	4066069.984107709  	15
360685.5513388651	4066070.1185279526 	15
360685.3364338407	4066070.2538745906 	15
360685.1172184832	4066070.3871999825 	15
360684.8982656554	4066070.510383192  	15
360684.6693766621	4066070.6312945583 	15
360684.4489251978	4066070.7506310767 	15
360684.2271915567	4066070.883160915  	15
360684.0088819035	4066071.0101895696 	15
360683.7843749758	4066071.131896579  	15
360683.556926677	4066071.247468377  	15
360683.3279346047	4066071.3545473544 	15
360683.0960953124	4066071.4668975766 	15
360682.8730407367	4066071.5896076686 	15
360682.6505426597	4066071.712719384  	15
360682.425056519	4066071.836206808  	15
360682.2026138299	4066071.9533398417 	15
360681.9676879519	4066072.061892076  	15
360681.7364126928	4066072.158223927  	15
360681.4939736692	4066072.248197057  	15
360681.2583313495	4066072.33902535   	15
360681.02695237	4066072.4458694705 	15
360680.7979624365	4066072.556827189  	15
360680.5711553908	4066072.6667454503 	15
360680.3363301334	4066072.7720942367 	15
360680.098913435	4066072.8646550574 	15
360679.8580767073	4066072.947955074  	15
360679.6126226077	4066073.0253905472 	15
360679.3651522646	4066073.091587778  	15
360679.1177013411	4066073.1627281606 	15
360678.8820942217	4066073.250087916  	15
360678.6400555571	4066073.340252333  	15
360678.4031293774	4066073.419784885  	15
360678.1550273686	4066073.4903426864 	15
360677.9104717155	4066073.553534005  	15
360677.6604737586	4066073.607109586  	15
360677.4083440132	4066073.6479809824 	15
360677.1527560863	4066073.6772497534 	15
360676.896962029	4066073.6976160496 	15
360676.6436582959	4066073.707682204  	15
360676.3850346919	4066073.713773777  	15
360676.1324012063	4066073.7424772913 	15
360675.8864590258	4066073.7805708577 	15
360675.6299088061	4066073.8070337735 	15
360675.3801862048	4066073.8249967936 	15
360675.1217105781	4066073.8289184817 	15
360674.8698133753	4066073.8240477294 	15
360674.6112658589	4066073.8216809942 	15
360674.3590287465	4066073.8372056726 	15
360674.1041118293	4066073.8570253938 	15
360673.8500012702	4066073.870078453  	15
360673.5983741373	4066073.8742840993 	15
360673.3414964574	4066073.867517137  	15
360673.0874438959	4066073.8522470407 	15
360672.8333801359	4066073.843791504  	15
360672.5764344261	4066073.845977144  	15
360672.3248066269	4066073.848266293  	15
360672.0655622226	4066073.8443823215 	15
360671.814558345	4066073.834333085  	15
360671.5562931543	4066073.813663428  	15
360671.3051750541	4066073.7815986457 	15
360671.0477187422	4066073.746815551  	15
360670.7953197556	4066073.7298986474 	15
360670.5399203295	4066073.718225068  	15
360670.2855117995	4066073.7054858175 	15
360670.0337493957	4066073.692011384  	15
360669.7773804532	4066073.671462992  	15
360669.5243391026	4066073.643247469  	15
360669.2710755325	4066073.620146352  	15
360669.014862584	4066073.6016716966 	15
360668.764077461	4066073.5825458295 	15
360668.5056934213	4066073.5620835447 	15
360668.2553691908	4066073.5431174985 	15
360667.9978121867	4066073.5171583127 	15
360667.7463479304	4066073.490103578  	15
360667.4917074749	4066073.466880444  	15
360667.2373602547	4066073.444778127  	15
360666.9856994974	4066073.422540786  	15
360666.7291326021	4066073.399219768  	15
360666.4752718713	4066073.376972649  	15
360666.2218134907	4066073.353167501  	15
360665.9658692096	4066073.3286803486 	15
360665.7152438733	4066073.306236045  	15
360665.4572111866	4066073.282961757  	15
360665.2073265528	4066073.259098416  	7
360664.9495790016	4066073.2345722225 	7
360664.6975731925	4066073.2117853826 	7
360664.4428958521	4066073.1881750654 	7
360664.188763614	4066073.1642668727 	7
360663.937205324	4066073.1408187016 	7
360663.6806616441	4066073.1170486817 	7
360663.4270392507	4066073.0925542	7
360663.1736527154	4066073.069409629  	7
360662.9177022665	4066073.0464209192 	7 
360662.6677372241	4066073.0176230976 	7
360662.4105810712	4066072.986265368  	7
360662.1608951211	4066072.961471028  	7
360661.9033298183	4066072.9368811096 	7
360661.651530943	4066072.911794177  	7
360661.3969508657	4066072.8866536943 	7
360661.1432253165	4066072.8577042343 	7
360660.8934727734	4066072.8175710654 	7
360660.6391215927	4066072.7745999834 	7
360660.3860420107	4066072.7440429055 	7
360660.1331706027	4066072.715011111  	7
360659.8776603105	4066072.6852846015 	7
360659.6275530425	4066072.6571356375 	7
360659.3702049766	4066072.6271272656 	7
360659.1211287481	4066072.596626685  	7
360658.8642114717	4066072.5649305326 	7
360658.6129164945	4066072.535142987  	7
360658.3590393888	4066072.504393616  	7
360658.1062523696	4066072.469291454  	7
360657.8563279028	4066072.4336102847 	7
360657.6008642624	4066072.4011223465 	7
360657.3482121101	4066072.368672269  	7
360657.0957616838	4066072.3373521054 	7
360656.8406801816	4066072.305816237  	7
360656.5912012181	4066072.273101533  	7
360656.3341594619	4066072.2393920654 	7
360656.0850682225	4066072.207971568  	7
360655.8282278071	4066072.1753692166 	7
360655.577276617	4066072.1423058673 	7
360655.3234866057	4066072.1094028554 	7
360655.0707692726	4066072.0729534994 	7
360654.8230373701	4066072.0255777254 	7
360654.57881249	4066071.9665466896 	7
360654.3413754138	4066071.900324509  	7
360654.1149887635	4066071.8241266166 	7
360653.9027311038	4066071.741256819  	7
360653.7067207117	4066071.648585225  	7
360653.5248743729	4066071.551393449  	7
360653.3537432912	4066071.4517835234 	7
360653.1904915898	4066071.3444703105 	7
360653.0297007276	4066071.230675289  	7
360652.8658653669	4066071.11191796   	7
360652.6984614816	4066070.9860393456 	7
360652.5224792466	4066070.8587185848 	7
360652.3304833773	4066070.7424126784 	7
360652.1224177327	4066070.6374267577 	7
360651.9138691623	4066070.523428781  	7
360651.7148914511	4066070.389280451  	7
360651.5281131711	4066070.2425442734 	7
360651.3574661434	4066070.0901378766 	7
360651.2100812251	4066069.9327968657 	7
360651.0829224106	4066069.777331857  	7
360650.974208669	4066069.6269432814 	7
360650.8838961538	4066069.478939573  	7
360650.8072075737	4066069.336395064  	7
360650.7354193446	4066069.2002048255 	7
360650.6651473216	4066069.067062432  	7
360650.5931482484	4066068.9310581535 	7
360650.5191705946	4066068.7880055434 	7
360650.4432713896	4066068.6339032687 	7
360650.3677001638	4066068.4680530154 	7
360650.2941838606	4066068.2895596367 	7
360650.2253813029	4066068.100341983  	7
360650.1628951975	4066067.901256161  	7
360650.1088514135	4066067.6952640335 	7
360650.0642171588	4066067.483597117  	7
360650.030106104	4066067.2689751857 	7
360649.9964653659	4066067.0550909047 	7
360649.9463382069	4066066.847582326  	7
360649.8773923146	4066066.645818176  	7
360649.8136241913	4066066.4430570183 	7
360649.7684386111	4066066.235057221  	7
360649.7429193964	4066066.022706156  	7
360649.7359722566	4066065.806348689  	7
360649.7470986149	4066065.5872630305 	7
360649.7707843385	4066065.3664288423 	7
360649.8059105384	4066065.144556453  	7
360649.8533037833	4066064.9217464686 	7
360649.908448879	4066064.698407092  	7
360649.9712180701	4066064.4741981607 	7
360650.031232723	4066064.247820956  	7
360650.0697567762	4066064.0150935976 	7
360650.0812595668	4066063.774105992  	7
360650.0803412499	4066063.52647596   	7
360650.0821907027	4066063.2761997967 	7
360650.0911025493	4066063.024333123  	7
360650.1053584899	4066062.7798021766 	7
360650.1256386696	4066062.5337204537 	7
360650.1490270178	4066062.283382324  	7
360650.1795413619	4066062.037232703  	7
360650.2226268537	4066061.7900568736 	7
360650.2679667214	4066061.5424792534 	7
360650.3019702781	4066061.292956833  	7
360650.3319207012	4066061.045949365  	7
360650.3625655703	4066060.7928082794 	7
360650.3937202637	4066060.546579736  	7
360650.4267128857	4066060.2931418	7
360650.4579094688	4066060.045733736  	7
360650.4903918238	4066059.790980768  	7
360650.5232810866	4066059.542449941  	15
360650.5573340664	4066059.286583804  	15
360650.5894401417	4066059.0368640814 	15
360650.6225945596	4066058.78022922   	15
360650.6561928812	4066058.530211376  	15
360650.6897490823	4066058.2776083928 	15
360650.7228935142	4066058.0259855953 	15
360650.755992644	4066057.777207928  	15
360650.7898706023	4066057.5237250654 	15
360650.8224486896	4066057.27297088   	15
360650.8563470169	4066057.0226134686 	15
360650.8909082469	4066056.769811539  	15
360650.923140542	4066056.522211577  	15
360650.9564727335	4066056.2671100306 	15
360650.9900286181	4066056.020112127  	15
360651.0245849673	4066055.7651351215 	15
360651.0570933634	4066055.515728168  	15
360651.0905055403	4066055.263659821  	15
360651.12423085	4066055.012057893  	15
360651.1573861413	4066054.762975013  	15
360651.1910093565	4066054.5088573694 	15
360651.225291173	4066054.257657044  	15
360651.2581403523	4066054.006662583  	15
360651.2909470422	4066053.753060175  	15
360651.3246995456	4066053.505001857  	15
360651.3593079665	4066053.249468737  	15
360651.391570464	4066053.001845372  	15
360651.4249292708	4066052.74649992   	15
360651.4587808033	4066052.4970177584 	15
360651.4924942434	4066052.2446858366 	15
360651.5256954884	4066051.992795756  	15
360651.5588491965	4066051.743613946  	15
360651.5927786351	4066051.4895368577 	15
360651.6254063408	4066051.2380743967 	15
360651.6592934525	4066050.9870249154 	15
360651.6938735169	4066050.733499999  	15
360651.7261556156	4066050.485203169  	15
360651.7595083134	4066050.22948128   	15
360651.7930852632	4066049.981897256  	15
360651.8276338022	4066049.7264372655 	15
360651.8601656122	4066049.476588652  	15
360651.8936020689	4066049.224131863  	15
360651.9273222287	4066048.9722104273 	15
360651.9604421389	4066048.7228275463 	15
360651.9940307195	4066048.4684555135 	15
360652.0282476022	4066048.217016508  	15
360652.0611235957	4066047.9657894806 	15
360652.0939574145	4066047.7119735065 	15
360652.1276755281	4066047.463676009  	15
360652.1622195071	4066047.2079346254 	15
360652.1944479233	4066046.9600910903 	15
360652.2278337998	4066046.7045282726 	15
360652.2616203934	4066046.4548074286 	15
360652.2952690257	4066046.2022444336 	15
360652.3284972116	4066045.9501293846 	15
360652.3616167154	4066045.700719805  	15
360652.3955431083	4066045.4464524607 	15
360652.4280759537	4066045.1947898334 	15
360652.4619599687	4066044.943546295  	15
360652.4965068077	4066044.6898544338 	15
360652.5287557591	4066044.44139446   	15
360652.5620147699	4066044.185544632  	15
360652.5955896066	4066043.937827383  	15
360652.6300751969	4066043.68225036   	15
360652.6625442902	4066043.4322999264 	15
360652.6959485895	4066043.179740821  	15
360652.7295757458	4066042.927733272  	15
360652.7626331964	4066042.6782637727 	15
360652.7962205939	4066042.423815536  	15
360652.8304059919	4066042.172316032  	15
360652.8632196544	4066041.921009989  	15
360652.8959607766	4066041.667126908  	15
360652.9296472234	4066041.4187575094 	15
360652.9641596657	4066041.1629518215 	15
360652.9963868947	4066040.9150320822 	15
360653.029680135	4066040.659405956  	15
360653.0634658569	4066040.4096279233 	15
360653.0970525192	4066040.157008721  	15
360653.1302188676	4066039.904845075  	15
360653.16330695	4066039.6553788	15
360653.1971714487	4066039.401059056  	15
360653.2296427039	4066039.149363036  	15
360653.2634956674	4066038.898085607  	15
360653.2979806679	4066038.644345147  	15
360653.3302289874	4066038.3958431855 	15
360653.3634264112	4066038.1399599686 	15
360653.3969397153	4066037.8922131304 	15
360653.4313637746	4066037.636606517  	15
360653.4638629095	4066037.386621201  	15
360653.4916649474	4066037.133381257  	15
360653.5186802501	4066036.880610448  	15
360653.5495336164	4066036.6308762818 	15
360653.5772445963	4066036.3757973034 	15
360653.6051872198	4066036.123684436  	15
360653.6350956247	4066035.8722088104 	15
360653.6656023077	4066035.6180729545 	15
360653.6969928539	4066035.369428976  	15
360653.728688575	4066035.1132621183 	15
360653.7580081958	4066034.865028332  	15
360653.788117687	4066034.6090165935 	15
360653.8187496399	4066034.3588182423 	15
360653.8490602964	4066034.105776912  	15
360653.8789508198	4066033.853202541  	15
360653.9086716945	4066033.60334224   	15
360653.9391075848	4066033.3486104542 	15
360653.9681809539	4066033.0965133063 	15
360653.9984831288	4066032.844825828  	15
360654.0294480743	4066032.590686225  	15
360654.0581462778	4066032.341816036  	15
360654.0877931603	4066032.085537971  	15
360654.1177558602	4066031.8373924927 	15
360654.1485985195	4066031.5813725246 	15
360654.1774860881	4066031.3309971634 	15
360654.2072780583	4066031.077998423  	15
360654.2373233796	4066030.825546932  	15
360654.266768566	4066030.575641603  	15
360654.2966823657	4066030.3207433126 	15
360654.3272547623	4066030.0687623513 	15
360654.3564561555	4066029.817020476  	15
360654.385554287	4066029.562690645  	15
360654.4156893179	4066029.3138692114 	15
360654.4465276651	4066029.057583056  	15
360654.4751426934	4066028.8092312906 	15
360654.504792941	4066028.5531584113 	15
360654.534966024	4066028.302921731  	15
360654.5649399969	4066028.0498400815 	15
360654.5944937675	4066027.797221591  	15
360654.6240000707	4066027.547315181  	15
360654.654160365	4066027.29254208   	15
360654.6830802565	4066027.040397824  	15
360654.713259431	4066026.788658943  	15
360654.7441623468	4066026.534459336  	15
360654.7727373716	4066026.2855263394 	15
360654.8023223456	4066026.029195869  	15
360654.8322839781	4066025.780981791  	15
360654.8630343728	4066025.5249213246 	15
360654.8918906981	4066025.274500669  	15
360654.9215904692	4066025.021465227  	15
360654.9515741892	4066024.7689803457 	15
360654.9810492932	4066024.519032528  	15
360655.0156466933	4066024.264681397  	15
360655.0513924729	4066024.013304264  	15
360655.0820623154	4066023.7616751874 	15
360655.1117420289	4066023.50740796   	15
360655.1424587634	4066023.25865674   	15
360655.1743070059	4066023.002468035  	15
360655.2039929592	4066022.754208929  	15
360655.2403484293	4066022.4989963192 	15
360655.2773214618	4066022.249808499  	15
360655.3102988119	4066021.997286176  	15
360655.3419661964	4066021.7449981337 	15
360655.3735854848	4066021.495384159  	15
360655.4063790814	4066021.24095966   	15
360655.437932157	4066020.9891564	15
360655.4710198586	4066020.737780653  	15
360655.5048005719	4066020.4839332686 	15
360655.5363751953	4066020.235327698  	15
360655.5690517736	4066019.979345964  	15
360655.6019526067	4066019.7315021288 	15
360655.6358257759	4066019.475827917  	15
360655.6677740834	4066019.2257788135 	15
360655.7005968139	4066018.97314104   	15
360655.7378073771	4066018.7216524286 	15
360655.7753692597	4066018.472973979  	15
360655.8097558196	4066018.218804839  	15
360655.8439739906	4066017.967427708  	15
360655.876942511	4066017.7162363464 	15
360655.9100525896	4066017.4624815607 	15
360655.9443221789	4066017.2142598014 	15
360655.9796003241	4066016.9585550223 	15
360656.0124711019	4066016.7107401104 	15
360656.046591072	4066016.4552101	15
360656.0811119209	4066016.2055315934 	15
360656.1155255004	4066015.9530199175 	15
360656.1495187647	4066015.7009638017 	15
360656.1834645519	4066015.4516197727 	15
360656.2134410561	4066015.196811295  	15
360656.2415948839	4066014.9445232647 	15
360656.2747432657	4066014.6931178384 	15
360656.3139443263	4066014.4400299694 	15
360656.3514287395	4066014.1922196816 	15
360656.3858813294	4066013.9364750264 	15
360656.4196701254	4066013.688745849  	15
360656.4544314208	4066013.4331957935 	15
360656.491554977	4066013.1838645735 	15
360656.5303488685	4066012.9320381866 	15
360656.5659966981	4066012.680268752  	15
360656.6003398518	4066012.4309333744 	15
360656.6353665513	4066012.176669973  	15
360656.6711133363	4066011.925347625  	15
360656.7057336404	4066011.6742698825 	15
360656.7404346635	4066011.420644913  	15
360656.7759591037	4066011.1725527486 	15
360656.8124927543	4066010.9170174766 	15
360656.8465880231	4066010.669344064  	15
360656.8819328621	4066010.4139783536 	15
360656.917739727	4066010.1644669543 	15
360656.9589218308	4066009.912949525  	15
360657.0007260821	4066009.662112135  	15
360657.0380717587	4066009.4132848494 	15
360657.0751829905	4066009.159443724  	15
360657.1107781642	4066008.908190307  	15
360657.1480920431	4066008.657410836  	15
360657.1863130312	4066008.404173352  	15
360657.2222358612	4066008.156152568  	15
360657.2594444415	4066007.9007849433 	15
360657.2967857639	4066007.653564319  	15
360657.3351912468	4066007.398523223  	15
360657.3715185509	4066007.149073613  	15
360657.4088731311	4066006.897040444  	15
360657.4464815853	4066006.6455868473 	15
360657.4835507725	4066006.3966651103 	15
360657.5164653338	4066006.142154551  	15
360657.5494894158	4066005.890615909  	15
360657.5847865426	4066005.6398197752 	15
360657.6166714643	4066005.38587166   	15
360657.6487351626	4066005.137271009  	15
360657.685054032	4066004.8816763214 	15
360657.7196694648	4066004.634045604  	15
360657.7550751741	4066004.37866162   	8
360657.7906976155	4066004.129078909  	8
360657.8259068191	4066003.8766356898 	8
360657.8605127069	4066003.624668124  	8
360657.8950099743	4066003.3754098415 	8
360657.9302225373	4066003.121297167  	8
360657.9641330787	4066002.86978202   	8
360657.9937621292	4066002.6180190984 	8
360658.0235345992	4066002.3638067967 	8
360658.0549902129	4066002.115387094  	8
360658.0885258311	4066001.859612356  	8
360658.1223462337	4066001.6119403183 	8
360658.1567097976	4066001.356349816  	8
360658.1889039505	4066001.106377009  	8
360658.2218495863	4066000.8537709457 	8
360658.2549867959	4066000.6016713134 	8
360658.2875237144	4066000.3521083426 	8
360658.3205295322	4066000.097569508  	8
360658.3541331186	4065999.8459651633 	8
360658.3863348025	4065999.5945785367 	8
360658.4184332659	4065999.340606804  	8
360658.4514161651	4065999.092162132  	8
360658.4852248444	4065998.8362678303 	8
360658.5166569096	4065998.5882762126 	8
360658.5491855011	4065998.33257482   	8
360658.5821760266	4065998.082722048  	8
360658.6150285992	4065997.8300280506 	8
360658.6473996945	4065997.5777868056 	8
360658.6797536666	4065997.328244796  	8
360658.7128229244	4065997.073847441  	8
360658.7445598266	4065996.8220614223 	8
360658.7776172854	4065996.5706902407 	8
360658.8157469071	4065996.317463411  	8
360658.8628482276	4065996.0710645528 	8
360658.9257297996	4065995.819945182  	8
360659.0012565815	4065995.5779658696 	8
360659.0824814776	4065995.331293404  	8
360659.1392890777	4065995.0880513904 	8
360659.1917379914	4065994.8360723783 	8
360659.2524800089	4065994.59240262   	8
360659.3303944737	4065994.350699527  	8
360659.4226527149	4065994.11362402   	8
360659.5271611573	4065993.883947189  	8
360659.6534417601	4065993.657263456  	8
360659.7886404619	4065993.4397434266 	8
360659.9427286464	4065993.2283127424 	8
360660.1001638219	4065993.023531212  	8
360660.258929275	4065992.8291383777 	8
360660.4363538144	4065992.6379443114 	8
360660.6106366682	4065992.4583278857 	8
360660.8012068678	4065992.2863623784 	8
360660.9927584876	4065992.1146242633 	8
360661.1663338237	4065991.932837093  	8
360661.3268868156	4065991.750641761  	8
360661.5064049989	4065991.573556305  	8
360661.6938126191	4065991.408133065  	8
360661.8906520666	4065991.2571514016 	8
360662.1078367356	4065991.1228468167 	8
360662.3339154863	4065991.003733628  	8
360662.5647884202	4065990.9032093184 	8
360662.7961756877	4065990.8173769214 	8
360663.022798851	4065990.7485584263 	8
360663.239905164	4065990.6919609457 	8
360663.4479352165	4065990.644622132  	8
360663.6509103236	4065990.6039471994 	8
360663.8540294985	4065990.568364117  	8
360664.0623897665	4065990.5375433816 	8
360664.2784365895	4065990.513433736  	8
360664.5034849346	4065990.4979833127 	8
360664.7366522434	4065990.493280868  	8
360664.9767691309	4065990.5006892313 	8
360665.2213175531	4065990.521306338  	8
360665.4682894814	4065990.5556523586 	8
360665.7149383378	4065990.6039260486 	8
360665.9610448902	4065990.6545453374 	8
360666.2084801052	4065990.6873225863 	8
360666.458420031	4065990.699429864  	8
360666.7080264926	4065990.7173241074 	8
360666.9572415185	4065990.737447417  	8
360667.2072643865	4065990.749019559  	8
360667.4566939267	4065990.7691826425 	8
360667.700896393	4065990.8079495626 	8
360667.9381120169	4065990.8454466057 	8
360668.1759263041	4065990.8728049304 	8
360668.4123788729	4065990.899096924  	8
360668.6535149713	4065990.927809577  	8
360668.8892741409	4065990.9565499313 	8
360669.1315475807	4065990.9875599137 	8
360669.3753491427	4065991.018597767  	8
360669.625773788	4065991.051083039  	8
360669.8746340132	4065991.083187385  	8
360670.1306282785	4065991.116220317  	8
360670.3827847541	4065991.1499855234 	8
360670.6409156417	4065991.1847647536 	8
360670.8934540607	4065991.2175944694 	8
360671.1519648335	4065991.251311324  	8
360671.4043752148	4065991.2856589914 	8
360671.6626643396	4065991.320774585  	8
360671.9123890495	4065991.353432464  	8
360672.1691583049	4065991.3871515743 	8
360672.4193334606	4065991.4212029465 	8
360672.6763363155	4065991.456133231  	8
360672.926796812	4065991.4889455177 	8
360673.1795008134	4065991.5225630887 	8
360673.4310775822	4065991.556379181  	8
360673.6800169349	4065991.589592262  	8
360673.9339444607	4065991.6232954464 	15
360674.1849489051	4065991.6576152327 	15
360674.435962102	4065991.6905963374 	15
360674.6897244855	4065991.723540744  	15
360674.9381556708	4065991.757444245  	15
360675.1943314992	4065991.7922478495 	15
360675.4428003449	4065991.8247123826 	15
360675.6992016222	4065991.858351553  	15
360675.9498967987	4065991.892442565  	15
360676.2034924257	4065991.9264045744 	15
360676.4567142929	4065991.9599291934 	15
360676.7072766293	4065991.9933687984 	15
360676.9627098456	4065992.0276003615 	15
360677.2154627153	4065992.060469068  	15
360677.467686839	4065992.094639791  	15
360677.722335662	4065992.1294854544 	15
360677.9716608869	4065992.16200598   	15
360678.2283668055	4065992.195591781  	15
360678.4768577588	4065992.2294155015 	15
360678.7332161217	4065992.264172976  	15
360678.9838894183	4065992.296923029  	15
360679.2371439591	4065992.330579336  	15
360679.4904296346	4065992.360520384  	15
360679.7413358879	4065992.388815601  	15
360679.9968028637	4065992.421370184  	15
360680.24923749	4065992.4553360096 	15
360680.501494845	4065992.487797441  	15
360680.7564360479	4065992.5199618	15
360681.005829295	4065992.552908635  	15
360681.2627494131	4065992.586516224  	15
360681.5117486669	4065992.617783944  	15
360681.768495215	4065992.650114768  	15
360682.019413819	4065992.6829203246 	15
360682.2731711254	4065992.715557488  	15
360682.5264625906	4065992.7477311874 	15
360682.7770945356	4065992.779820348  	15
360683.0325965508	4065992.812652522  	15
360683.2854182807	4065992.8441246897 	15
360683.5378638636	4065992.8768892568 	15
360683.7927644083	4065992.910310684  	15
360684.04240302	4065992.941441148  	15
360684.2994827734	4065992.9735964434 	15
360684.5483788872	4065993.0060371608 	15
360684.8052028564	4065993.0393711985 	15
360685.0563118403	4065993.0707363193 	15
360685.310093438	4065993.1029905295 	15
360685.5632683912	4065993.1355160624 	15
360685.8139286848	4065993.16747175   	15
360686.0695767374	4065993.199892368  	15
360686.3223019009	4065993.2329409895 	15
360686.5747909778	4065993.2646259214 	15
360686.8299063686	4065993.296233375  	15
360687.0794155769	4065993.3287996473 	15
360687.3364846769	4065993.362178248  	15
360687.5850292045	4065993.3974207127 	15
360687.8412963836	4065993.434088418  	15
360688.0922043002	4065993.4681173633 	15
360688.346061915	4065993.501288773  	15
360688.5993943648	4065993.5341065344 	15
360688.8500081633	4065993.566960983  	15
360689.1054047858	4065993.600828908  	15
360689.3581522697	4065993.6333738687 	15
360689.6104330795	4065993.6672806735 	15
360689.8651694597	4065993.701881888  	15
360690.1147048334	4065993.73418068   	15
360690.3716213639	4065993.7675732626 	15
360690.6204150094	4065993.8012293535 	15
360690.8770460875	4065993.835855347  	15
360691.1280842974	4065993.868506161  	15
360691.3817041227	4065993.9020869895 	15
360691.6347480234	4065993.9359491006 	15
360691.8846754524	4065993.973561058  	15
360692.1392422169	4065994.01275638   	15
360692.3913758627	4065994.0488845375 	15
360692.6435040457	4065994.0828015218 	15
360692.898228392	4065994.116665769  	15
360693.147409344	4065994.15159238   	15
360693.4040945962	4065994.1876697224 	15
360693.6528888104	4065994.221362964  	15
360693.909433717	4065994.2563274647 	15
360694.1600273667	4065994.291699776  	15
360694.4135218069	4065994.326963052  	15
360694.6665204905	4065994.3618028047 	15
360694.916798765	4065994.3965708935 	15
360695.171948918	4065994.4321932	15
360695.4244495668	4065994.4664697303 	15
360695.6765136644	4065994.502081471  	15
360695.93100313	4065994.5384095	15
360696.1802605843	4065994.5724070896 	10
360696.4369302272	4065994.607528396  	10
360696.6854148632	4065994.642850519  	10
360696.941828805	4065994.6791557902 	10
360697.1931002557	4065994.7092475584 	10
360697.4484245862	4065994.727426967  	10
360697.7030398882	4065994.745219603  	10
360697.9538286318	4065994.773813388  	10
360698.2093788555	4065994.805862332  	10
360698.4619474632	4065994.8386852127 	10
360698.7145071378	4065994.869084028  	10
360698.9703755291	4065994.8944055946 	10
360699.2208683728	4065994.91983944   	10
360699.4784866358	4065994.9494248135 	10
360699.7279852076	4065994.9775937945 	10
360699.9852850735	4065995.0063896095 	10
360700.2367546469	4065995.0355161526 	10
360700.4910265629	4065995.064116976  	10
360700.7447981232	4065995.092011996  	10
360700.9958634652	4065995.1197685697 	10
360701.2522990335	4065995.1433345806 	10
360701.5071475207	4065995.154811048  	10
360701.7616159257	4065995.1682758713 	10
360702.0180674309	4065995.191882519  	10
360702.2691790233	4065995.211223961  	10
360702.5284240617	4065995.2187567586 	10
360702.7801969085	4065995.2149166567 	10
360703.0400745947	4065995.1928218575 	10
360703.2928837551	4065995.157874989  	10
360703.5511008851	4065995.1173023744 	10
360703.8041358937	4065995.0971605	10
360704.054682619	4065995.082757499  	10
360704.3092210646	4065995.0517477607 	10
360704.5584339562	4065995.0079744975 	10
360704.8085774337	4065994.942547792  	10
360705.054766388	4065994.8763137255 	10
360705.3037868791	4065994.828230412  	10
360705.556737824	4065994.7841662345 	10
360705.803746486	4065994.741060156  	10
360706.0597609533	4065994.7021890734 	10
360706.3077242258	4065994.662354897  	10
360706.5553953747	4065994.60552172   	10
360706.7991380231	4065994.533533184  	10
360707.0400460959	4065994.445082361  	10
360707.27580662	4065994.343540931  	10
360707.503317858	4065994.2298112176 	10
360707.7268573771	4065994.09264362   	10
360707.9469271526	4065993.9562940234 	10
360708.1686043526	4065993.833283785  	10
360708.4035575804	4065993.72719562   	10
360708.6377403749	4065993.6394623206 	10
360708.874693281	4065993.5389058976 	10
360709.0994094499	4065993.428021948  	10
360709.3205349476	4065993.295522533  	10
360709.5309610395	4065993.1561034378 	10
360709.7334881568	4065992.999740772  	10
360709.9264845921	4065992.830364584  	10
360710.1170520834	4065992.6581764063 	10
360710.3168288177	4065992.4980244734 	10
360710.5242153879	4065992.353007409  	10
360710.7254504095	4065992.207355184  	10
360710.9205324802	4065992.041282858  	10
360711.0998728255	4065991.8663513535 	10
360711.2707225938	4065991.6719195694 	10
360711.4285154179	4065991.473078717  	10
360711.5836995157	4065991.262262873  	10
360711.7473443028	4065991.071925093  	10
360711.9231336415	4065990.890005972  	10
360712.0960031613	4065990.703274552  	10
360712.2562386838	4065990.5090256063 	10
360712.4004371128	4065990.301851497  	10
360712.5318136985	4065990.0831292025 	10
360712.6586238309	4065989.857918286  	10
360712.8005407421	4065989.6476032194 	10
360712.9547949697	4065989.451914907  	10
360713.1099148754	4065989.2474712743 	10
360713.2490506219	4065989.038981159  	10
360713.3760233902	4065988.8143738746 	10
360713.4890190882	4065988.590769489  	10
360713.5871526946	4065988.3504081126 	10
360713.6698920715	4065988.110330946  	10
360713.7384164385	4065987.858522453  	10
360713.8087567802	4065987.614098932  	10
360713.8939437217	4065987.379851596  	10
360713.9991490566	4065987.1478474415 	10
360714.10596436	4065986.919020844  	10
360714.1943680952	4065986.683430679  	10
360714.2680703396	4065986.4390691984 	10
360714.3269697402	4065986.195659702  	10
360714.3688820479	4065985.940089013  	10
360714.3946236973	4065985.6887196633 	10
360714.4126606524	4065985.42952274   	10
360714.4505354651	4065985.183058319  	10
360714.502136664	4065984.936143673  	10
360714.5483037357	4065984.6885586376 	10
360714.593591331	4065984.4385629273 	10
360714.6445323124	4065984.1895677047 	10
360714.695606104	4065983.943098991  	10
360714.7439061179	4065983.6914053694 	10
360714.7916279789	4065983.442670873  	10
360714.8360162586	4065983.193735396  	10
360714.8794240605	4065982.941815311  	10
360714.9228586204	4065982.69529034   	10
360714.9664607804	4065982.441233524  	10
360715.0069504977	4065982.194926432  	10
360715.048136893	4065981.940743051  	10
360715.0891877967	4065981.692310842  	10
360715.1297483463	4065981.440971837  	10
360715.1696277902	4065981.1900222874 	10
360715.204835762	4065980.941144752  	10
360715.228143361	4065980.685709311  	10
360715.2508388999	4065980.433027005  	10
360715.2855249391	4065980.1821173225 	10
360715.3237219903	4065979.929170672  	10
360715.3594375061	4065979.681439905  	10
360715.395120457	4065979.4260809664 	10
360715.4306754074	4065979.1788086495 	10
360715.4665751988	4065978.9236315447 	10
360715.5004131442	4065978.6741136382 	10
360715.5350641203	4065978.4219880886 	10
360715.5698760116	4065978.1703628153 	10
360715.6040416784	4065977.92126878   	10
360715.6386299922	4065977.6671710983 	10
360715.6737395012	4065977.415997285  	10
360715.7073547449	4065977.1649980047 	10
360715.7408814797	4065976.9113781936 	10
360715.7752312772	4065976.663271252  	10
360715.8103910834	4065976.4076806977 	10
360715.8431739619	4065976.159977631  	10
360715.8770683726	4065975.9045445686 	10
360715.9114244729	4065975.654947789  	10
360715.9456425511	4065975.40250407   	10
360715.9794247831	4065975.150500952  	10
360716.0131135958	4065974.9012040216 	10
360716.047594031	4065974.647046695  	10
360716.0807572572	4065974.3954938008 	10
360716.1151801183	4065974.144367201  	10
360716.1502963179	4065973.8907879647 	10
360716.1831145949	4065973.6424425454 	10
360716.2170193343	4065973.386704076  	10
360716.2511176253	4065973.1390983374 	10
360716.2862032658	4065972.883641985  	10
360716.3192262965	4065972.633797786  	10
360716.3532152032	4065972.3813510593 	10
360716.3874574653	4065972.129452547  	10
360716.4210993308	4065971.8800849975 	10
360716.4552559766	4065971.6257427223 	10
360716.4899951014	4065971.3743351977 	10
360716.5233779595	4065971.1231341874 	10
360716.556703469	4065970.869349213  	10
360716.590974482	4065970.621091279  	10
360716.626071241	4065970.365377992  	10
360716.6588216347	4065970.117552648  	10
360716.6927144657	4065969.862018666  	10
360716.7270233616	4065969.6123340735 	10
360716.7611789952	4065969.359804692  	10
360716.7949142416	4065969.1077270648 	10
360716.8285560241	4065968.8583527775 	10
360716.8630353264	4065968.6041220906 	10
360716.8961057037	4065968.352492584  	10
360716.9304968951	4065968.1012940826 	10
360716.9655967396	4065967.8476445954 	10
360716.9983833452	4065967.599227268  	10
360717.0321954845	4065967.343427389  	10
360717.0662927761	4065967.0957568544 	10
360717.1013316559	4065966.8402392943 	10
360717.1343385149	4065966.5903372047 	10
360717.1682654015	4065966.337830476  	10
360717.2024457164	4065966.08587671   	10
360717.2360714836	4065965.836455064  	10
360717.2701510282	4065965.582065384  	10
360717.3048589238	4065965.330612571  	10
360717.3381953088	4065965.079368416  	10
360717.3714591161	4065964.825543396  	10
360717.4056987289	4065964.5772297136 	10
360717.4407487226	4065964.3214552226 	10
360717.4734369332	4065964.073560376  	10
360717.5072827149	4065963.8179480825 	10
360717.541575113	4065963.568184683  	10
360717.5757143836	4065963.3155850433 	10
360717.609402755	4065963.0634395606 	10
360717.6430284217	4065962.8140102313 	10
360717.6773849169	4065962.5597395455 	10
360717.7104395851	4065962.3080797	10
360717.7447692781	4065962.056853508  	10
360717.7798078085	4065961.8031877354 	10
360717.812533005	4065961.554748426  	10
360717.8462991078	4065961.2989320136 	10
360717.8803502648	4065961.0512392446 	10
360717.9152971595	4065960.795698296  	10
360717.9482730686	4065960.5457680174 	10
360717.9821843351	4065960.293236654  	10
360718.0162879421	4065960.041259251  	10
360718.0498521128	4065959.7918042126 	10
360718.083900647	4065959.5373825473 	10
360718.1185774566	4065959.285893941  	10
360718.1518980088	4065959.0346118496 	10
360718.1851154052	4065958.780747484  	10
360718.2192476386	4065958.532403063  	10
360718.2542974109	4065958.276611288  	10
360718.2911197895	4065958.029293511  	10
360718.3424242145	4065957.776330524  	10
360718.4050453566	4065957.531606255  	10
360718.4832557737	4065957.288251868  	10
360718.5738748196	4065957.0488916966 	10
360718.6816493436	4065956.8132678154 	10
360718.8042826658	4065956.583876076  	10
360718.9398809312	4065956.361682792  	10
360719.0844483188	4065956.1433458	10
360719.2317065474	4065955.932644572  	10
360719.3822950422	4065955.7331964737 	10
360719.5527686174	4065955.537181637  	10
360719.720179835	4065955.352930932  	10
360719.9041416657	4065955.1756111425 	10
360720.0914427069	4065955.0054031983 	10
360720.2783449021	4065954.844474666  	10
360720.477516486	4065954.689308988  	10
360720.663141026	4065954.521217939  	10
360720.8374914296	4065954.349378475  	10
360721.0282303062	4065954.179203916  	10
360721.2217805564	4065954.022190402  	10
360721.4324886885	4065953.8821941344 	10
360721.6540611041	4065953.759239644  	10
360721.892136329	4065953.6534138448 	10
360722.1277456033	4065953.558452637  	10
360722.3697157423	4065953.4760394846 	10
360722.617142817	4065953.404139444  	10
360722.8666301195	4065953.3424275615 	10
360723.1184468768	4065953.291488873  	10
360723.3666700346	4065953.2497124095 	10
360723.6168025349	4065953.2238686634 	10
360723.872064909	4065953.210030216  	10
360724.1239082834	4065953.210446792  	10
360724.3807294258	4065953.2200951674 	10
360724.6274748634	4065953.2386120385 	10
360724.8828388237	4065953.275104709  	10
360725.1311352875	4065953.316633184  	10
360725.3761915357	4065953.371200705  	10
360725.6227592768	4065953.4350944953 	10
360725.8703677054	4065953.479402572  	10
360726.1109933532	4065953.516123865  	10
360726.3596616517	4065953.563601372  	10
360726.608805889	4065953.599027938  	10
360726.8573035421	4065953.631335407  	10
360727.1106093746	4065953.6709038257 	10
360727.3613124833	4065953.711999593  	10
360727.6165930844	4065953.7574471887 	10
360727.8699282713	4065953.799756912  	10
360728.1251089905	4065953.829689172  	10
360728.3846423416	4065953.8464121786 	10
360728.6404609786	4065953.848910792  	10
360728.9045594711	4065953.844834684  	10
360729.1575333556	4065953.859327761  	10
360729.4152140441	4065953.890805081  	10
360729.6662894276	4065953.9284952255 	10
360729.9149045101	4065953.9642632394 	10
360730.1688849848	4065953.9964796184 	10
360730.4199761463	4065954.0285719344 	10
360730.6711167817	4065954.058073799  	10
360730.9252905749	4065954.087151712  	10
360731.1741170335	4065954.1171380966 	10
360731.430692545	4065954.14735576   	10
360731.6794677948	4065954.175135512  	10
360731.9363157034	4065954.2033181065 	10
360732.1874994048	4065954.231712724  	10
360732.4416519505	4065954.259486699  	10
360732.6954869146	4065954.2865205193 	10
360732.9466753391	4065954.313329349  	10
360733.2028065793	4065954.340656631  	10
360733.4563186539	4065954.366625269  	15
360733.7093781663	4065954.393884695  	15
360733.9648766153	4065954.421754684  	15
360734.215084621	4065954.447459616  	15
360734.4726704233	4065954.474050237  	15
360734.7220298618	4065954.501118964  	15
360734.9792840068	4065954.5289204656 	15
360735.2307793081	4065954.5548744625 	15
360735.4849310735	4065954.5816636295 	15
360735.738537411	4065954.6087316824 	15
360735.9895841823	4065954.635286225  	15
360736.2456474996	4065954.6621964015 	15
360736.4982649111	4065954.694205095  	15
360736.7507415717	4065954.725075273  	15
360737.0062484657	4065954.752526912  	15
360737.2563069144	4065954.780306845  	15
360737.5138952585	4065954.808931968  	15
360737.7634756826	4065954.8355009286 	15
360738.0207296843	4065954.8632949144 	15
360738.2721886487	4065954.891709944  	15
360738.5264405818	4065954.9199616183 	15
360738.7802428959	4065954.9478080273 	15
360739.0313408306	4065954.9756300254 	15
360739.2873234608	4065955.004153956  	15
360739.5406577722	4065955.031405276  	15
360739.7936014817	4065955.059999616  	15
360740.0490458982	4065955.089245343  	15
360740.299153933	4065955.116319149  	15
360740.5567320083	4065955.144315181  	15
360740.8061440479	4065955.172740793  	15
360741.0634209857	4065955.2019453016 	15
360741.3150303125	4065955.2292760946 	15
360741.5692810166	4065955.2574537247 	15
360741.8229557234	4065955.2859088313 	15
360742.0741164886	4065955.3138382738 	15
360742.3302483537	4065955.342146909  	15
360742.5834733271	4065955.371128428  	15
360742.8364317424	4065955.3987510274 	15
360743.0919699912	4065955.426255568  	15
360743.3420255339	4065955.454798168  	15
360743.5995322238	4065955.484040841  	15
360743.8490898577	4065955.511089484  	15
360744.1064392531	4065955.5391159626 	15
360744.3579163764	4065955.567711499  	15
360744.6122316174	4065955.596101116  	15
360744.8660966096	4065955.62404745   	15
360745.1172725648	4065955.651972927  	15
360745.3732872058	4065955.680589681  	15
360745.6266835547	4065955.7079010126 	15
360745.8796736558	4065955.7365327985 	15
360746.1351793276	4065955.765791011  	15
360746.3853482773	4065955.7928563966 	15
360746.6429564514	4065955.8208274	15
360746.8923983338	4065955.8492127694 	15
360747.1497356051	4065955.8783727414 	15
360747.4008775266	4065955.9098391673 	15
360747.6546408395	4065955.942801115  	15
360747.9082749239	4065955.9725176576 	15
360748.1594436589	4065956.000939596  	15
360748.4156018902	4065956.029932468  	15
360748.6682092212	4065956.064143444  	15
360748.9205878814	4065956.0974455024 	15
360749.1760138673	4065956.1274409234 	15
360749.4258994416	4065956.157745216  	15
360749.6832249799	4065956.1890007495 	15
360749.9326326861	4065956.218103575  	15
360750.1897310303	4065956.248541434  	15
360750.440911286	4065956.2795490935 	15
360750.6949312065	4065956.310445881  	15
360750.9479709145	4065956.3449426894 	15
360751.1967603099	4065956.390490944  	15
360751.4501033203	4065956.4389254777 	15
360751.7024803557	4065956.47494468   	15
360751.9547410617	4065956.5094484966 	15
360752.2095346579	4065956.544703949  	15
360752.4590297804	4065956.578239384  	15
360752.7156915811	4065956.613768652  	15
360752.9640934793	4065956.6495921216 	15
360753.2203540418	4065956.6867497927 	15
360753.471020509	4065956.7218576246 	15
360753.7242545939	4065956.757973208  	15
360753.9769444613	4065956.7944418	15
360754.2270897123	4065956.8303776206 	15
360754.4821803838	4065956.8669915735 	15
360754.7343335181	4065956.904273203  	15
360754.9863132474	4065956.9402875574 	15
360755.2408294754	4065956.9763366734 	15
360755.4898301833	4065957.0132855726 	15
360755.7462560437	4065957.0512144784 	15
360755.9947746107	4065957.086699591  	15
360756.2510433918	4065957.1234256094 	15
360756.5014366561	4065957.1605210863 	15
360756.7546543063	4065957.197505944  	15
360757.0074519126	4065957.234026109  	15
360757.2575131493	4065957.270433015  	15
360757.5124154543	4065957.3076775726 	7
360757.7647440167	4065957.3435380175 	7
360758.0166202605	4065957.380704463  	7
360758.2709522517	4065957.418576264  	7
360758.5200362625	4065957.4540750585 	7
360758.7765179033	4065957.4907406447 	7
360759.0248593469	4065957.527546364  	7
360759.2810697776	4065957.565381911  	7
360759.5316706202	4065957.601154552  	7
360759.7848531794	4065957.637862468  	7
360760.0374593622	4065957.674825047  	7
360760.2875655456	4065957.7111799754 	7
360760.5426303465	4065957.7480854304 	7
360760.7947560914	4065957.785565416  	7
360761.046691492	4065957.8216757295 	7
360761.3011928507	4065957.857753783  	7
360761.5501322254	4065957.8946924424 	7
360761.8065725819	4065957.932577557  	7
360762.055105345	4065957.967999863  	7
360762.3113729516	4065958.0046576248 	7
360762.5617346161	4065958.041692944  	7
360762.8149817322	4065958.078614747  	7
360763.0677478714	4065958.1150823566 	7
360763.3171606099	4065958.1557628326 	7
360763.5692209735	4065958.2098732223 	7
360763.8160853527	4065958.274189124  	7
360764.0579990768	4065958.3553346726 	7
360764.2979509598	4065958.452038636  	7
360764.530332895	4065958.5660826154 	7
360764.7592160748	4065958.696056077  	7
360764.9775050665	4065958.8358951192 	7
360765.196571917	4065958.985041952  	7
360765.4076195344	4065959.1239303215 	7
360765.620714013	4065959.2496679216 	7
360765.8419320682	4065959.372368004  	7
360766.059365454	4065959.496249605  	7
360766.2642455227	4065959.639153284  	7
360766.4624443521	4065959.798621956  	7
360766.6470506302	4065959.9658260695 	7
360766.8227549762	4065960.155822145  	7
360766.984208554	4065960.348780553  	7
360767.1410085384	4065960.5580484886 	7
360767.295971552	4065960.7605166584 	7
360767.4588048872	4065960.948144016  	7
360767.635439961	4065961.131502511  	7
360767.8106503777	4065961.3155591735 	7
360767.9710102275	4065961.502331256  	7
360768.1153632805	4065961.712760087  	7
360768.2430825678	4065961.9299147935 	7
360768.357394321	4065962.1624168414 	7
360768.4575617841	4065962.39503696   	15
360768.5428027012	4065962.642597536  	15
360768.6176899142	4065962.8847670886 	15
360768.6812680295	4065963.138869208  	15
360768.7397802787	4065963.3858324415 	15
360768.7856510119	4065963.6304460415 	15
360768.814156358	4065963.8781335047 	15
360768.83077823	4065964.1324999426 	15
360768.8340232535	4065964.3834525375 	15
360768.8280040032	4065964.6433839328 	15
360768.8172977515	4065964.892234468  	15
360768.8012302945	4065965.1402025823 	15
360768.7904684226	4065965.393143824  	15
360768.7970496897	4065965.646337012  	15
360768.8010891211	4065965.891660033  	15
360768.8028387091	4065966.1408382417 	15
360768.8028509287	4065966.393088796  	15
360768.7962343426	4065966.6435401966 	15
360768.7768904266	4065966.8985699895 	15
360768.7596736673	4065967.151011626  	15
360768.7490523479	4065967.404140656  	15
360768.7345914032	4065967.6607051864 	15
360768.7136649857	4065967.911427523  	15
360768.682101818	4065968.168462481  	15
360768.6367375808	4065968.417607125  	15
360768.5859315459	4065968.672179344  	15
360768.5548726954	4065968.920779272  	15
360768.5277631615	4065969.177373788  	15
360768.5001373759	4065969.427592905  	15
360768.4705647973	4065969.6802185033 	15
360768.4394999451	4065969.9322029087 	15
360768.4081286894	4065970.181318402  	15
360768.3751825824	4065970.435042732  	15
360768.3479611044	4065970.686636569  	15
360768.3193288797	4065970.9379054145 	15
360768.2864858333	4065971.191391332  	15
360768.2549458031	4065971.439522729  	15
360768.2222737474	4065971.695065965  	15
360768.189225817	4065971.94253456   	15
360768.1552683076	4065972.1979418425 	15
360768.1232059826	4065972.4477720214 	15
360768.0901480651	4065972.70025748   	15
360768.0568225679	4065972.9522586376 	15
360768.0240215764	4065973.2017576247 	15
360767.9907674264	4065973.4562645424 	15
360767.9568699955	4065973.7078538393 	15
360767.9244051135	4065973.959230623  	15
360767.8920434365	4065974.213193462  	15
360767.8587666559	4065974.4616173394 	15
360767.8246791426	4065974.717482992  	15
360767.792952604	4065974.965416738  	15
360767.7601445013	4065975.221046698  	15
360767.7268742563	4065975.470809944  	15
360767.6937111663	4065975.7234016014 	15
360767.6610599947	4065975.9755333457 	15
360767.6284563364	4065976.2249529846 	15
360767.5950457268	4065976.4792313487 	15
360767.5630133318	4065976.7308976254 	15
360767.5296756646	4065976.98214926   	15
360767.4956295549	4065977.2358642113 	15
360767.4638814441	4065977.4843482072 	15
360767.431108079	4065977.740233733  	15
360767.3980497253	4065977.9879970415 	15
360767.3640805867	4065978.243624424  	15
360767.3320670956	4065978.493636167  	15
360767.2992100524	4065978.7462574593 	15
360767.2660691543	4065978.998333872  	15
360767.2334981125	4065979.2478783824 	15
360767.2004122661	4065979.502397597  	15
360767.1667439799	4065979.753983468  	15
360767.1344471144	4065980.005354973  	15
360767.1022227312	4065980.259302095  	15
360767.069022405	4065980.507726935  	15
360767.0350115278	4065980.7636044766 	15
360767.0033162612	4065981.0115786646 	15
360766.976003948	4065981.267909944  	15
360766.9482772027	4065981.518489724  	15
360766.9168920419	4065981.7714363406 	15
360766.8850232076	4065982.0237631393 	15
360766.8532019339	4065982.2733802074 	15
360766.8257779672	4065982.5284826206 	15
360766.8002227251	4065982.7810747647 	15
360766.7698728897	4065983.0328683145 	15
360766.7380021374	4065983.286953264  	15
360766.7084746801	4065983.5357737225 	15
360766.6783505585	4065983.792047912  	15
360766.6480028037	4065984.0402151095 	15
360766.6170041265	4065984.296256408  	15
360766.5837815964	4065984.546130328  	15
360766.5491189927	4065984.7985692695 	15
360766.5178009871	4065985.050947452  	15
360766.4877569204	4065985.3008776936 	15
360766.4572281372	4065985.555753468  	15
360766.421448074	4065985.807114429  	15
360766.3865961232	4065986.0582441175 	15
360766.3551542604	4065986.3123973375 	15
360766.3233637286	4065986.5610856945 	15
360766.2906092848	4065986.817189663  	15
360766.2600937067	4065987.065368955  	15
360766.2282055755	4065987.3211989175 	15
360766.1957480462	4065987.571142772  	15
360766.1633976892	4065987.823916217  	15
360766.1314371482	4065988.07623626   	15
360766.0995243425	4065988.325858452  	15
360766.0668044932	4065988.580332709  	15
360766.0354016826	4065988.8321916014 	15
360766.0026477828	4065989.083635889  	15
360765.9692006113	4065989.337537536  	15
360765.9380206541	4065989.586194 	15
360765.9057847173	4065989.8422410768 	15
360765.873248424	4065990.090160493  	15
360765.839816378	4065990.345928992  	15
360765.8083398065	4065990.596070928  	15
360765.7759890201	4065990.848816252  	15
360765.7433542236	4065991.1010067216 	15
360765.7112891876	4065991.3506600647 	15
360765.6787397041	4065991.6052752538 	15
360765.6456077677	4065991.8569561527 	15
360765.6138470971	4065992.108414128  	15
360765.5821131362	4065992.362450842  	15
360765.5494338823	4065992.6109709614 	15
360765.5160050863	4065992.8669380303 	15
360765.4848460545	4065993.115000832  	15
360765.4526056909	4065993.370774084  	15
360765.419827163	4065993.620702792  	15
360765.387262907	4065993.873471473  	15
360765.3551495514	4065994.125785035  	15
360765.3230838605	4065994.3753960007 	15
360765.2902417334	4065994.6298632817 	15
360765.2587930707	4065994.881717284  	15
360765.2260085373	4065995.133152866  	15
360765.1925611786	4065995.3870396097 	15
360765.161365775	4065995.6356818974 	15
360765.1292059884	4065995.8917114	15
360765.0967153712	4065996.13961802   	15
360765.0633137318	4065996.3953739647 	15
360765.0318981539	4065996.6455057086 	15
360764.9995778116	4065996.8982408633 	15
360764.9670498746	4065997.150423242  	15
360764.9350458881	4065997.4000692433 	15
360764.9025575673	4065997.65468469   	15
360764.8694715943	4065997.906370372  	15
360764.8377721666	4065998.1578328814 	15
360764.8061453069	4065998.41187624   	15
360764.7734967112	4065998.660399495  	15
360764.7400833598	4065998.916373265  	15
360764.7089398195	4065999.1644461057 	15
360764.6767760484	4065999.4202283984 	15
360764.6440893593	4065999.6701649465 	15
360764.6115558305	4065999.92294056   	15
360764.5795037732	4066000.1752624623 	15
360764.5474688638	4066000.424884164  	15
360764.5147033115	4066000.679359533  	15
360764.4832853752	4066000.931220472  	15
360764.4505621336	4066001.182664392  	15
360764.4171454564	4066001.436555217  	15
360764.3860266035	4066001.6852046424 	15
360764.3581679804	4066001.9417486168 	15
360764.330790848	4066002.190333312  	15
360764.2988443066	4066002.446320175  	15
360764.2680108702	4066002.696548752  	15
360764.2363796892	4066002.9493856393 	15
360764.2047860667	4066003.2017142535 	15
360764.1738693151	4066003.45151636   	15
360764.1474719077	4066003.706793011  	15
360764.1209040126	4066003.9591044337 	15
360764.0920793642	4066004.210733874  	15
360764.0624412202	4066004.4649433694 	15
360764.0318736337	4066004.7136712	15
360764.0008783368	4066004.9699086966 	15
360763.9722901826	4066005.2182354247 	15
360763.9428814824	4066005.4743387	15
360763.9129657851	4066005.724635909  	15
360763.8833102073	4066005.9777732855 	15
360763.8540749265	4066006.230453196  	15
360763.8249176686	4066006.480418607  	15
360763.7951063952	4066006.735252596  	15
360763.7665964691	4066006.9874453386 	15
360763.7368119603	4066007.2392310216 	15
360763.7064105545	4066007.493473774  	15
360763.678260573	4066007.742439756  	15
360763.6491769133	4066007.9988019527 	15
360763.6197318193	4066008.247037976  	15
360763.5894522326	4066008.503132525  	15
360763.561097304	4066008.753584862  	15
360763.5318682992	4066009.0066486658 	15
360763.5023860822	4066009.2591727953 	15
360763.4734582508	4066009.509153401  	15
360763.4440616234	4066009.7641193513 	15
360763.4140216468	4066010.016163896  	15
360763.3853986167	4066010.267976216  	15
360763.3568481904	4066010.5223712735 	15
360763.3272457618	4066010.771263849  	15
360763.296924584	4066011.0276175854 	15
360763.2688421724	4066011.276040488  	15
360763.2397702876	4066011.5321856393 	15
360763.2101298316	4066011.782495303  	15
360763.1806578494	4066012.035646634  	15
360763.1516824078	4066012.2883316465 	15
360763.1227087779	4066012.538312913  	15
360763.0930505336	4066012.793159452  	15
360763.0646937477	4066013.04537234   	15
360763.0350472703	4066013.297187932  	15
360763.0047226828	4066013.551453976  	15
360762.9766190895	4066013.8004513527 	15
360762.9475818906	4066014.056848748  	15
360762.9181527337	4066014.305122366  	15
360762.8879501445	4066014.561251613  	15
360762.8596264019	4066014.8117394	15
360762.8304592171	4066015.064843853  	15
360762.8010226494	4066015.3173537594 	15
360762.7721759182	4066015.566682611  	15
360762.7436914127	4066015.814802013  	15
360762.7156452806	4066016.05794416   	15
360762.6884325931	4066016.293163143  	15
360762.6623824531	4066016.5172156184 	15
360762.6376250478	4066016.729652652  	15
360762.6143168498	4066016.928825136  	15
360762.5934160667	4066017.1069675926 	15
360762.5747371109	4066017.265817076  	15
360762.5569163988	4066017.4173286087 	15
360762.5403987335	4066017.556920324  	15
360762.5261061201	4066017.677416752  	15
360762.5059425542	4066017.8426636904 	15
360762.4919544013	4066017.9593410622 	15
360762.4757327414	4066018.095532152  	15
